7.3825,2.84125
;

5.8825,2.46125
; 

5.5825,1.34125
; 

5.1025,1.60125
; 

5.2625,3.16125
; 

5.8625,4.82125
; 

5.1625,4.46125
; 

4.6425,2.28125
; 

4.7025,1.62125
; 

4.4225,0.56125
; 

4.2025,1.80125
; 

4.1625,2.38125
; 

3.4425,0.98125
; 

3.6625,1.84125
; 

3.8225,2.74125
; 

4.1425,3.74125
; 

4.0825,4.54125
; 

4.3425,4.90125
; 

4.7425,5.02125
; 

5.4225,5.54125
; 

5.0625,5.66125
; 

5.6825,6.08125
; 

5.9625,6.58125
; 

5.4225,6.54125
; 

4.9825,6.26125
; 

4.5025,5.74125
; 

3.7425,4.96125
; 

3.4225,4.42125
; 

3.4625,3.78125
; 

3.3825,3.18125
; 

3.2425,2.64125
; 

3.0425,1.86125
; 

2.6425,1.32125
; 

2.2025,1.32125
; 

2.4625,1.76125
; 

2.4825,2.12125
; 

2.6425,2.62125
; 

2.9625,3.44125
; 

2.6625,4.42125
; 

3.3625,5.32125
; 

3.3225,5.80125
; 

4.1625,6.58125
; 

4.6825,6.78125
; 

4.7025,7.14125
; 

5.5225,7.22125
; 

5.9625,7.14125
; 

6.4425,7.10125
; 

6.7225,7.28125
; 

6.9425,7.86125
; 

6.6025,8.06125
; 

6.6025,8.46125
; 

6.0425,8.40125
; 

5.7025,7.72125
; 

5.4625,8.12125
; 

5.3825,8.42125
; 

4.8625,8.50125
; 

4.2825,8.64125
; 

4.2825,7.86125
; 

4.2025,7.52125
; 

3.6825,8.40125
; 

2.9425,8.40125
; 

2.9025,7.42125
; 

2.9425,7.16125
; 

3.1625,6.76125
; 

3.4025,6.42125
; 

3,6
; 

2.6225,5.88125
; 

1.4825,1.42125
; 

1.3025,1.68125
; 

1.4825,2.22125
; 

1.8025,3.30125
; 

1.8425,3.96125
; 

1.8025,4.82125
; 

1.7425,5.68125
; 

1.3825,3.30125
; 

0.8625,3.36125
; 

1.2225,4.14125
; 

0.7225,4.12125
; 

1.0025,4.80125
; 

0.5825,4.96125
; 

1.1625,5.40125
; 

0.9025,5.56125
; 

0.5625,5.58125
; 

0.4625,6.94125
; 

0.4425,7.34125
; 

0.3825,8.02125


