0
0
0
 (0.0825
0
 (8.0825
2.46125
 (5.9625
1.34125
 (5.6625
1.60125
 (5.1825
3.16125
 (5.3425
4.82125
 (5.9425
4.46125
 (5.2425
2.28125
 (4.7225
1.62125
 (4.7825
0.56125
 (4.5025
1.80125
 (4.2825
2.38125
 (4.2425
0.98125
 (3.5225
1.84125
 (3.7425
2.74125
 (3.9025
3.74125
 (4.2225
4.54125
 (4.1625
4.90125
 (4.4225
5.02125
 (4.8225
5.54125
 (5.5025
5.66125
 (5.1425
6.08125
 (5.7625
6.58125
 (6.0425
6.54125
 (5.5025
6.26125
 (5.0625
5.74125
 (4.5825
4.96125
 (3.8225
4.42125
 (3.5025
3.78125
 (3.5425
3.18125
 (3.4625
2.64125
 (3.3225
1.86125
 (3.1225
1.32125
 (2.7225
1.32125
 (2.2825
1.76125
 (2.5425
2.12125
 (2.5625
2.62125
 (2.7225
3.44125
 (3.0425
4.42125
 (2.7425
5.32125
 (3.4425
5.80125
 (3.4025
6.58125
 (4.2425
6.78125
 (4.7625
7.14125
 (4.7825
7.22125
 (5.6025
7.14125
 (6.0425
7.10125
 (6.5225
7.28125
 (6.8025
7.86125
 (7.0225
8.06125
 (6.6825
8.46125
 (6.6825
8.40125
 (6.1225
7.72125
 (5.7825
8.12125
 (5.5425
8.42125
 (5.4625
8.50125
 (4.9425
8.64125
 (4.3625
7.86125
 (4.3625
7.52125
 (4.2825
8.40125
 (3.7625
8.40125
 (3.0225
7.42125
 (2.9825
7.16125
 (3.0225
6.76125
 (3.2425
6.42125
 (3.4825
6
 (3.0825
5.88125
 (2.7025
1.42125
 (1.5625
1.68125
 (1.3825
2.22125
 (1.5625
3.30125
 (1.8825
3.96125
 (1.9225
4.82125
 (1.8825
5.68125
 (1.8225
3.30125
 (1.4625
3.36125
 (0.9425
4.14125
 (1.3025
4.12125
 (0.8025
4.80125
 (1.0825
4.96125
 (0.6625
5.40125
 (1.2425
5.56125
 (0.9825
5.58125
 (0.6425
6.94125
 (0.5425
7.34125
 (0.5225
8.02125
 (0.4625
